Webots Project File version 8.4.0
perspectives: 000000ff00000000fd0000000200000001000000850000028ffc0200000001fb0000001400540065007800740045006400690074006f007200000000150000028f0000003e00ffffff0000000300000557000000d8fc0100000001fb0000000e0043006f006e0073006f006c00650000000000000005570000005400ffffff0000034f0000029000000001000000020000000100000008fc00000000
simulationViewPerspectives: 000000ff000000010000000200000075000002dc0100000006010000000100
sceneTreePerspectives: 000000ff0000000100000002000000c00000007b0100000006010000000200
minimizedPerspectives: 
maximizedDockId: -1
centralWidgetVisible: 1
orthographicViewHeight: 1
textFiles: -1
renderingDevicePerspectives: 75;1;0.783333;0.143186;0.1
renderingDevicePerspectives: 76;1;0.791667;0.497698;0.0958334
renderingDevicePerspectives: 873;1;0.841667;0.721455;0.879167
renderingDevicePerspectives: 874;1;0.816667;0.48803;0.891667
