Webots Project File version 8.4.0
perspectives: 000000ff00000000fd000000020000000100000124000002b0fc0200000001fb0000001400540065007800740045006400690074006f00720000000015000002b00000003e00ffffff0000000300000557000000d8fc0100000001fb0000000e0043006f006e0073006f006c00650000000000000005570000005400ffffff00000557000002b000000001000000020000000100000008fc00000000
simulationViewPerspectives: 000000ff0000000100000002000001000000032d0100000006010000000100
sceneTreePerspectives: 000000ff0000000100000002000000c00000012b0100000006010000000200
minimizedPerspectives: 
maximizedDockId: -1
centralWidgetVisible: 1
orthographicViewHeight: 1
textFiles: -1
renderingDevicePerspectives: 148;1;1;0.0733032;0.311709
renderingDevicePerspectives: 147;1;1;0.0733032;0.0981013
renderingDevicePerspectives: 946;1;1;0.894118;0.89557
renderingDevicePerspectives: 945;1;1;0.894118;0.675633
