Webots Project File version 8.4.0
perspectives: 000000ff00000000fd000000020000000100000124000002b0fc0200000001fb0000001400540065007800740045006400690074006f00720000000015000002b00000003e00ffffff0000000300000557000000d8fc0100000001fb0000000e0043006f006e0073006f006c00650000000000000005570000005400ffffff000003ea0000029000000001000000020000000100000008fc00000000
simulationViewPerspectives: 000000ff0000000100000002000000bd0000038d0100000006010000000100
sceneTreePerspectives: 000000ff0000000100000002000000c00000012b0100000006010000000200
minimizedPerspectives: 
maximizedDockId: -1
centralWidgetVisible: 1
orthographicViewHeight: 1
textFiles: -1
renderingDevicePerspectives: 332;1;0.975;0.85;0.3075
renderingDevicePerspectives: 1129;1;0.866667;0.0891667;0.0916667
renderingDevicePerspectives: 331;1;1;0.84875;0.101667
renderingDevicePerspectives: 1130;1;0.875;0.08875;0.269167
