Webots Project File version 8.4.0
perspectives: 000000ff00000000fd00000002000000010000008500000290fc0200000001fb0000001400540065007800740045006400690074006f00720000000015000002900000003e00ffffff0000000300000557000000d8fc0100000001fb0000000e0043006f006e0073006f006c00650000000000000005570000005400ffffff0000026a0000028f00000001000000020000000100000008fc00000000
simulationViewPerspectives: 000000ff0000000100000002000000bd0000038d0100000006010000000100
sceneTreePerspectives: 000000ff0000000100000002000000c00000012b0100000006010000000200
minimizedPerspectives: 
maximizedDockId: -1
centralWidgetVisible: 1
orthographicViewHeight: 1
textFiles: -1
renderingDevicePerspectives: 331;1;1;0.808511;0.101836
renderingDevicePerspectives: 332;1;0.983333;0.810087;0.30384
renderingDevicePerspectives: 1129;1;0.866667;0.393223;0.0901503
renderingDevicePerspectives: 1130;1;0.866667;0.393223;0.270451
