Webots Project File version 8.4.0
perspectives: 000000ff00000000fd000000020000000100000124000002b0fc0200000001fb0000001400540065007800740045006400690074006f00720100000015000002b00000003e00ffffff0000000300000552000000d8fc0100000001fb0000000e0043006f006e0073006f006c00650000000000000005520000005400ffffff00000428000002b000000001000000020000000100000008fc00000000
simulationViewPerspectives: 000000ff000000010000000200000100000003280100000006010000000100
sceneTreePerspectives: 000000ff00000001000000020000011f0000007b0100000006010000000200
minimizedPerspectives: 
maximizedDockId: -1
centralWidgetVisible: 1
orthographicViewHeight: 1
textFiles: -1
renderingDevicePerspectives: 332;1;1;0.108479;0.511076
renderingDevicePerspectives: 1130;1;1;0.836658;0.517405
renderingDevicePerspectives: 1129;1;1;0.108479;0.311709
renderingDevicePerspectives: 331;1;1;0.836658;0.318038
