Webots Project File version 8.5
perspectives: 000000ff00000000fd00000003000000000000000000000000fc0100000001fb0000001a0044006f00630075006d0065006e0074006100740069006f006e0000000000ffffffff0000005400ffffff000000010000008500000290fc0200000001fb0000001400540065007800740045006400690074006f00720000000015000002900000003e00ffffff0000000300000552000000d8fc0100000001fb0000000e0043006f006e0073006f006c00650000000000000005520000005400ffffff000003d3000002b100000001000000020000000100000008fc00000000
simulationViewPerspectives: 000000ff000000010000000200000000000003850100000006010000000100
sceneTreePerspectives: 000000ff0000000100000002000000c00000007b0100000006010000000200
minimizedPerspectives: 
maximizedDockId: -1
centralWidgetVisible: 1
orthographicViewHeight: 1
textFiles: -1
documentationBook: 
documentationPage: 
renderingDevicePerspectives: 1111;1;1.05833;0.0740787;0.103226
renderingDevicePerspectives: 314;1;1.04167;0.713353;0.308207
renderingDevicePerspectives: 313;1;1.04167;0.711956;0.0419985
renderingDevicePerspectives: 1112;1;1.05833;0.0654581;0.313787
