Webots Project File version 8.5
perspectives: 000000ff00000000fd00000003000000000000000000000000fc0100000001fb0000001a0044006f00630075006d0065006e0074006100740069006f006e0000000000ffffffff0000005400ffffff000000010000008500000290fc0200000001fb0000001400540065007800740045006400690074006f00720000000015000002900000003e00ffffff0000000300000552000000d8fc0100000001fb0000000e0043006f006e0073006f006c00650000000000000005520000005400ffffff000005560000029800000001000000020000000100000008fc00000000
simulationViewPerspectives: 000000ff00000001000000020000008b000004c50100000006010000000100
sceneTreePerspectives: 000000ff0000000100000002000000c00000007b0100000006010000000200
minimizedPerspectives: 
maximizedDockId: -1
centralWidgetVisible: 1
orthographicViewHeight: 1
textFiles: -1
documentationBook: 
documentationPage: 
renderingDevicePerspectives: 1130;1;0.808333;0.0682408;0.265526
renderingDevicePerspectives: 332;1;0.791667;0.67288;0.277778
renderingDevicePerspectives: 1129;1;0.808333;0.0703692;0.0966474
renderingDevicePerspectives: 331;1;0.8;0.674095;0.114329
