Webots Project File version 8.4.0
perspectives: 000000ff00000000fd000000020000000100000124000002b0fc0200000001fb0000001400540065007800740045006400690074006f00720000000015000002b00000003e00ffffff0000000300000557000000d8fc0100000001fb0000000e0043006f006e0073006f006c00650000000000000005570000005400ffffff000002cb0000028f00000001000000020000000100000008fc00000000
simulationViewPerspectives: 000000ff00000001000000020000005c000002080100000006010000000100
sceneTreePerspectives: 000000ff0000000100000002000000c00000012b0100000006010000000200
minimizedPerspectives: 
maximizedDockId: -1
centralWidgetVisible: 1
orthographicViewHeight: 1
textFiles: -1
renderingDevicePerspectives: 331;1;1;0.547812;0.103506
renderingDevicePerspectives: 1130;1;0.866667;0.113992;0.27379
renderingDevicePerspectives: 332;1;0.983333;0.548892;0.315526
renderingDevicePerspectives: 1129;1;0.866667;0.113992;0.0884808
