Webots Project File version 8.4.0
perspectives: 000000ff00000000fd0000000200000001000001d0000002b0fc0200000001fb0000001400540065007800740045006400690074006f00720100000015000002b00000009d00ffffff0000000300000557000000d8fc0100000001fb0000000e0043006f006e0073006f006c00650000000000000005570000005400ffffff0000037c000002b000000001000000020000000100000008fc00000000
simulationViewPerspectives: 000000ff000000010000000200000128000001430100000006010000000100
sceneTreePerspectives: 000000ff000000010000000200000157000000fb0100000006010000000200
minimizedPerspectives: 
maximizedDockId: -1
centralWidgetVisible: 1
orthographicViewHeight: 1
textFiles: 1 "../../../Users/bimal/TableWithPhysics1.proto" "../../../Program Files/Webots/projects/objects/indoor/tables/protos/TableWithPhysics.proto"
renderingDevicePerspectives: 331;1;1;0.40339;0.102848
renderingDevicePerspectives: 1129;1;1;0.137288;0.096519
renderingDevicePerspectives: 332;1;0.983333;0.40452;0.30538
renderingDevicePerspectives: 1130;1;1;0.137288;0.096519
