Webots Project File version 8.4.0
perspectives: 000000ff00000000fd00000003000000000000013a0000030dfc0200000001fb00000012005300630065006e0065005400720065006501000000150000030d0000000000000000000000010000010800000233fc0200000001fb0000001400540065007800740045006400690074006f00720100000015000002330000003e00ffffff00000003000005560000005ffc0100000001fb0000000e0043006f006e0073006f006c00650100000000000005560000005400ffffff000004480000023300000004000000040000000100000008fc00000000
simulationViewPerspectives: 000000ff0000000100000002000001000000027c0100000006010000000101
sceneTreePerspectives: 000000ff0000000100000002000000c0000000e50100000006010000000201
minimizedPerspectives: 
maximizedDockId: -1
centralWidgetVisible: 1
orthographicViewHeight: 1
textFiles: -1
renderingDevicePerspectives: 962;1;0.741667;0.331335;0.0897436
renderingDevicePerspectives: 165;1;0.766667;0.0747402;0.151874
renderingDevicePerspectives: 164;1;0.766667;0.0747402;0.0927022
renderingDevicePerspectives: 963;1;0.75;0.339329;0.157791
